intrinsic:
1071.8078454444003 0.0 716.6857842226951 
0.0 1070.0192285518583 309.66400674406674 
0.0 0.0 1.0 
distortion:
-0.07027973887139359 0.35113837114151863 -0.006961620873043369 0.021707253520901037 -0.3129944087196862 
