intrinsic:
1246.0415154097707 0.0 667.1015572201169 
0.0 1227.8642760669343 237.92107077202851 
0.0 0.0 1.0 
distortion:
-0.2970995076676128 2.68814844620646 -0.02023032187925701 -0.017178889700882605 -6.787896829516766 
